image: dkan_around.pgm
resolution: 0.050000
origin: [-223.969955, -191.797363, 0]
negate: 0
occupied_thresh: 0.65
free_thresh: 0.196

